Running Gradient Descent ...
J =  32.073
ans =  32.073
theta =

   0.71168
   0.71168

J =  6.4251
theta =

   0.72076
   0.72076

J =  6.4209
theta =

   0.72088
   0.72088

J =  6.4209
theta =

   0.72088
   0.72088

J =  6.4209
theta =

   0.72088
   0.72088

J =  6.4209
theta =

   0.72088
   0.72088

J =  6.4209
theta =

   0.72088
   0.72088

J =  6.4209
theta =

   0.72088
   0.72088

J =  6.4209
theta =

   0.72088
   0.72088

J =  6.4209
theta =

   0.72088
   0.72088

J =  6.4209
theta =

   0.72088
   0.72088

J =  6.4209
theta =

   0.72088
   0.72088

J =  6.4209
theta =

   0.72088
   0.72088

J =  6.4209
theta =

   0.72088
   0.72088

J =  6.4209
theta =

   0.72088
   0.72088

J =  6.4209
theta =

   0.72088
   0.72088

J =  6.4209
theta =

   0.72088
   0.72088

J =  6.4209
theta =

   0.72088
   0.72088

J =  6.4209
theta =

   0.72088
   0.72088

J =  6.4209
theta =

   0.72088
   0.72088

J =  6.4209
theta =

   0.72088
   0.72088

J =  6.4209
theta =

   0.72088
   0.72088

J =  6.4209
theta =

   0.72088
   0.72088

J =  6.4209
theta =

   0.72088
   0.72088

J =  6.4209
theta =

   0.72088
   0.72088

J =  6.4209
theta =

   0.72088
   0.72088

J =  6.4209
theta =

   0.72088
   0.72088

J =  6.4209
theta =

   0.72088
   0.72088

J =  6.4209
theta =

   0.72088
   0.72088

J =  6.4209
theta =

   0.72088
   0.72088

J =  6.4209
theta =

   0.72088
   0.72088

J =  6.4209
theta =

   0.72088
   0.72088

J =  6.4209
theta =

   0.72088
   0.72088

J =  6.4209
theta =

   0.72088
   0.72088

J =  6.4209
theta =

   0.72088
   0.72088

J =  6.4209
theta =

   0.72088
   0.72088

J =  6.4209
theta =

   0.72088
   0.72088

J =  6.4209
theta =

   0.72088
   0.72088

J =  6.4209
theta =

   0.72088
   0.72088

J =  6.4209
theta =

   0.72088
   0.72088

J =  6.4209
theta =

   0.72088
   0.72088

J =  6.4209
theta =

   0.72088
   0.72088

J =  6.4209
theta =

   0.72088
   0.72088

J =  6.4209
theta =

   0.72088
   0.72088

J =  6.4209
theta =

   0.72088
   0.72088

J =  6.4209
theta =

   0.72088
   0.72088

J =  6.4209
theta =

   0.72088
   0.72088

J =  6.4209
theta =

   0.72088
   0.72088

J =  6.4209
theta =

   0.72088
   0.72088

J =  6.4209
theta =

   0.72088
   0.72088

J =  6.4209
theta =

   0.72088
   0.72088

J =  6.4209
theta =

   0.72088
   0.72088

J =  6.4209
theta =

   0.72088
   0.72088

J =  6.4209
theta =

   0.72088
   0.72088

J =  6.4209
theta =

   0.72088
   0.72088

J =  6.4209
theta =

   0.72088
   0.72088

J =  6.4209
theta =

   0.72088
   0.72088

J =  6.4209
theta =

   0.72088
   0.72088

J =  6.4209
theta =

   0.72088
   0.72088

J =  6.4209
theta =

   0.72088
   0.72088

J =  6.4209
theta =

   0.72088
   0.72088

J =  6.4209
theta =

   0.72088
   0.72088

J =  6.4209
theta =

   0.72088
   0.72088

J =  6.4209
theta =

   0.72088
   0.72088

J =  6.4209
theta =

   0.72088
   0.72088

J =  6.4209
theta =

   0.72088
   0.72088

J =  6.4209
theta =

   0.72088
   0.72088

J =  6.4209
theta =

   0.72088
   0.72088

J =  6.4209
theta =

   0.72088
   0.72088

J =  6.4209
theta =

   0.72088
   0.72088

J =  6.4209
theta =

   0.72088
   0.72088

J =  6.4209
theta =

   0.72088
   0.72088

J =  6.4209
theta =

   0.72088
   0.72088

J =  6.4209
theta =

   0.72088
   0.72088

J =  6.4209
theta =

   0.72088
   0.72088

J =  6.4209
theta =

   0.72088
   0.72088

J =  6.4209
theta =

   0.72088
   0.72088

J =  6.4209
theta =

   0.72088
   0.72088

J =  6.4209
theta =

   0.72088
   0.72088

J =  6.4209
theta =

   0.72088
   0.72088

J =  6.4209
theta =

   0.72088
   0.72088

J =  6.4209
theta =

   0.72088
   0.72088

J =  6.4209
theta =

   0.72088
   0.72088

J =  6.4209
theta =

   0.72088
   0.72088

J =  6.4209
theta =

   0.72088
   0.72088

J =  6.4209
theta =

   0.72088
   0.72088

J =  6.4209
theta =

   0.72088
   0.72088

J =  6.4209
theta =

   0.72088
   0.72088

J =  6.4209
theta =

   0.72088
   0.72088

J =  6.4209
theta =

   0.72088
   0.72088

J =  6.4209
theta =

   0.72088
   0.72088

J =  6.4209
theta =

   0.72088
   0.72088

J =  6.4209
theta =

   0.72088
   0.72088

J =  6.4209
theta =

   0.72088
   0.72088

J =  6.4209
theta =

   0.72088
   0.72088

J =  6.4209
theta =

   0.72088
   0.72088

J =  6.4209
theta =

   0.72088
   0.72088

J =  6.4209
theta =

   0.72088
   0.72088

J =  6.4209
theta =

   0.72088
   0.72088

J =  6.4209
theta =

   0.72088
   0.72088

J =  6.4209
theta =

   0.72088
   0.72088

J =  6.4209
theta =

   0.72088
   0.72088

J =  6.4209
theta =

   0.72088
   0.72088

J =  6.4209
theta =

   0.72088
   0.72088

J =  6.4209
theta =

   0.72088
   0.72088

J =  6.4209
theta =

   0.72088
   0.72088

J =  6.4209
theta =

   0.72088
   0.72088

J =  6.4209
theta =

   0.72088
   0.72088

J =  6.4209
theta =

   0.72088
   0.72088

J =  6.4209
theta =

   0.72088
   0.72088

J =  6.4209
theta =

   0.72088
   0.72088

J =  6.4209
theta =

   0.72088
   0.72088

J =  6.4209
theta =

   0.72088
   0.72088

J =  6.4209
theta =

   0.72088
   0.72088

J =  6.4209
theta =

   0.72088
   0.72088

J =  6.4209
theta =

   0.72088
   0.72088

J =  6.4209
theta =

   0.72088
   0.72088

J =  6.4209
theta =

   0.72088
   0.72088

J =  6.4209
theta =

   0.72088
   0.72088

J =  6.4209
theta =

   0.72088
   0.72088

J =  6.4209
theta =

   0.72088
   0.72088

J =  6.4209
theta =

   0.72088
   0.72088

J =  6.4209
theta =

   0.72088
   0.72088

J =  6.4209
theta =

   0.72088
   0.72088

J =  6.4209
theta =

   0.72088
   0.72088

J =  6.4209
theta =

   0.72088
   0.72088

J =  6.4209
theta =

   0.72088
   0.72088

J =  6.4209
theta =

   0.72088
   0.72088

J =  6.4209
theta =

   0.72088
   0.72088

J =  6.4209
theta =

   0.72088
   0.72088

J =  6.4209
theta =

   0.72088
   0.72088

J =  6.4209
theta =

   0.72088
   0.72088

J =  6.4209
theta =

   0.72088
   0.72088

J =  6.4209
theta =

   0.72088
   0.72088

J =  6.4209
theta =

   0.72088
   0.72088

J =  6.4209
theta =

   0.72088
   0.72088

J =  6.4209
theta =

   0.72088
   0.72088

J =  6.4209
theta =

   0.72088
   0.72088

J =  6.4209
theta =

   0.72088
   0.72088

J =  6.4209
theta =

   0.72088
   0.72088

J =  6.4209
theta =

   0.72088
   0.72088

J =  6.4209
theta =

   0.72088
   0.72088

J =  6.4209
theta =

   0.72088
   0.72088

J =  6.4209
theta =

   0.72088
   0.72088

J =  6.4209
theta =

   0.72088
   0.72088

J =  6.4209
theta =

   0.72088
   0.72088

J =  6.4209
theta =

   0.72088
   0.72088

J =  6.4209
theta =

   0.72088
   0.72088

J =  6.4209
theta =

   0.72088
   0.72088

J =  6.4209
theta =

   0.72088
   0.72088

J =  6.4209
theta =

   0.72088
   0.72088

J =  6.4209
theta =

   0.72088
   0.72088

J =  6.4209
theta =

   0.72088
   0.72088

J =  6.4209
theta =

   0.72088
   0.72088

J =  6.4209
theta =

   0.72088
   0.72088

J =  6.4209
theta =

   0.72088
   0.72088

J =  6.4209
theta =

   0.72088
   0.72088

J =  6.4209
theta =

   0.72088
   0.72088

J =  6.4209
theta =

   0.72088
   0.72088

J =  6.4209
theta =

   0.72088
   0.72088

J =  6.4209
theta =

   0.72088
   0.72088

J =  6.4209
theta =

   0.72088
   0.72088

J =  6.4209
theta =

   0.72088
   0.72088

J =  6.4209
theta =

   0.72088
   0.72088

J =  6.4209
theta =

   0.72088
   0.72088

J =  6.4209
theta =

   0.72088
   0.72088

J =  6.4209
theta =

   0.72088
   0.72088

J =  6.4209
theta =

   0.72088
   0.72088

J =  6.4209
theta =

   0.72088
   0.72088

J =  6.4209
theta =

   0.72088
   0.72088

J =  6.4209
theta =

   0.72088
   0.72088

J =  6.4209
theta =

   0.72088
   0.72088

J =  6.4209
theta =

   0.72088
   0.72088

J =  6.4209
theta =

   0.72088
   0.72088

J =  6.4209
theta =

   0.72088
   0.72088

J =  6.4209
theta =

   0.72088
   0.72088

J =  6.4209
theta =

   0.72088
   0.72088

J =  6.4209
theta =

   0.72088
   0.72088

J =  6.4209
theta =

   0.72088
   0.72088

J =  6.4209
theta =

   0.72088
   0.72088

J =  6.4209
